"Forest","Plot_num","Mean_ground_cover","canopy_density","Mean_regen_density","Simpson_trees","Shannon_trees","SR_trees","Mean_tree_density","Simpson_regen","Shannon_regen","SR_regen"
"Degrasse",1,30,57.56125,3.22222222222222,2.27272727272727,0.950270539233235,3,5,4.14285714285714,1.58757782733499,6
"Degrasse",2,33.3333333333333,72.85525,2.44444444444444,1.32432432432432,0.410116318288409,2,4.66666666666667,2.42,1.14659583652694,5
"Degrasse",3,16.6666666666667,51.0845,3.55555555555556,1.99115044247788,0.860851390631232,3,5,3.26114649681529,1.35114077493256,5
"Donnerville",1,11.6666666666667,87.5245,16.3333333333333,2.5974025974026,1.09405645683161,4,6.66666666666667,4.01281337047354,1.61981304686934,7
"Donnerville",2,8.33333333333333,87.3655,2.88888888888889,5.64705882352941,1.75654525456046,6,8,3.97647058823529,1.53777654970671,6
"Donnerville",3,5,78.93475,4.77777777777778,2.28571428571429,1.12748323499323,5,5.33333333333333,3.02618657937807,1.29009308531022,5
"Kip",1,26.6666666666667,71.23575,11.8888888888889,1.82278481012658,0.835894813217688,4,8,2.1557145546978,0.865594488702142,5
"Kip",2,1.66666666666667,76.67875,5.44444444444444,2.4390243902439,1.17520459708076,5,6.66666666666667,2.8962605548854,1.29573900569119,6
"Kip",3,20,90.64225,1.66666666666667,5.58227848101266,1.90887102272385,8,7,3.46153846153846,1.48781671640145,6
"Peavine Swamp",1,8.33333333333333,91.0715,0.555555555555556,2.19502074688797,0.918398724799311,3,7.66666666666667,1,0,1
"Peavine Swamp",2,3.33333333333333,86.32675,1.33333333333333,2.75238095238095,1.05510161816864,3,5.66666666666667,1.18032786885246,0.286835983056161,2
"Peavine Swamp",3,1.66666666666667,85.87725,1,2.54913294797688,1.13756108205391,4,7,2.31428571428571,0.936888307539016,3
"South Hammond",1,10,84.12025,5,2.32258064516129,1.15310711744537,5,8,4.26315789473684,1.66988748420458,8
"South Hammond",2,20,80.09,11.8888888888889,2.68527918781726,1.24678765763162,6,7.66666666666667,2.25194805194805,1.17531033229696,7
"South Hammond",3,16.6666666666667,80.012,13.8888888888889,4.21505376344086,1.6347755642759,7,9.33333333333333,2.16334405144695,1.009582147075,6
